terminateReason = "found primal-dual optimal solution";
primalObjective = 196.92268014818892450013544282754746484493640436651793569665833068548204480225436016343765563164906129523384466067298131173367663367751247884743289151615178;
dualObjective   = 196.922648248256547747445051475872588440020221128631184508194316389190521323825194217613852747471569170965489852354165293177437556248874506180084460809604488;
dualityGap      = 8.09960918074979843978744642272242367252215553672902867719873494350190987004278003189069264950857827568785094045998960665545770922105635049270889827695193735e-08;
primalError     = 1.01517673492625968930960982233221741872944753988043823264242412849579067915571978957296297162231371449186583642310035833864082853697745068111228254307047191e-115;
dualError       = 3.39126119538636447773472094070815520985288382234991051688849860063121472436470648029274789389198585103802476838974473393582285101590255096928084425145662548e-49;
Solver runtime  = 49;
