terminateReason = "found primal-dual optimal solution";
primalObjective = 663.654269056064574929751924907980283173668998378205236608533297710389238865920751547426568495728731184208339764836220148409008961824933839337471857553921097;
dualObjective   = 663.65420868557211479977622314090312937512464404386500604157929563116867644281309889208374119771345424395726507828101751869534633545992047052955203382375902;
dualityGap      = 4.54833924988168542008608703327327670304102649027498542991881466531134901639403079677973530462547255975541854839441672069930397814472157181446225871138014893e-08;
primalError     = 1.37582102682973977636678975261700651613602246642954826878045187091871651862280357820462563519364159848665620078646812897438097294830766881386890007755615901e-135;
dualError       = 2.67937245692428714558833617097747383929684790151755045987056548959381425080842883615411947000719548416117026321477294483455481153769531321424445641156082172e-45;
Solver runtime  = 6;
