terminateReason = "found primal-dual optimal solution";
primalObjective = 267.544868314796384889974431820809517388844771482213409929434845443984212484737320034861783519490571320842856018347529733601903752587317451221959764309746642;
dualObjective   = 267.544824296211510890361267173849399427820942422479911389741906913559595262374813139729257267708175463722443099121805045108446600512302575690815399708802654;
dualityGap      = 8.22639372087468618104586427941441015790539329716146989881098533653237514809597483016020481837013192903632857219902944040524588431649223236930159644212758583e-08;
primalError     = 7.61382551194694766982207366749163064047085654910328674481818096371843009366789842179722228716735285868899377317325268753980621402733088010834211907302853934e-116;
dualError       = 1.67084556630859598550896759419909606689363454956773920754537934618473523308722332895135160758817686207658408657164130773449705117652926537017080127238409992e-49;
Solver runtime  = 37;
