terminateReason = "found primal-dual optimal solution";
primalObjective = 167.420376580642445290697253932790390231472633107317611720446634682631109823096091939238414098744702749895036066477472004274998444623068344139279029250301223;
dualObjective   = 167.42035683186675701997328517932893355451215907785329415009397618901394332724613808392094530960675764611911959603440589707716210548504706861867255339075108;
dualityGap      = 5.89796094608988098154808905794131219247900025658935125481796780791770167541047686099426163893333485894221667900109766410904357084748852469318146981638597335e-08;
primalError     = 2.53794183731564922327402455583054354682361884970109558160606032123947669788929947393240742905578428622966459105775089584660207134244362670278070635767617978e-116;
dualError       = 2.99870098587948190921508355852448769765259319601994574496078540959919921996941110931441589125710864999616146486111301288834094033680365665701956924283125887e-49;
Solver runtime  = 14;
