terminateReason = "found primal-dual optimal solution";
primalObjective = 68.4087480776864476950699939135197945430402311566160500468482583923111832036400664960426351676403443320375255567884270906849974420363339107508039196349700532;
dualObjective   = 68.4087423631975535531132387179646086810472613697792700899505054592770713537893721292848437318631778197516066354976793919058355038215521039163348769047733615;
dualityGap      = 4.17672395227207360208638395608368044508300181155988857974309635961787333484106003457615490208498885081987531280408746241781536326562965641883396327167388438e-08;
primalError     = 1.37582102682973977636678975261700651613602246642954826878045187091871651862280357820462563519364159848665620078646812897438097294830766881386890007755615901e-135;
dualError       = 7.6263095509033893927365937851900927484343191703859277211334564780242630556107665278124561464500250307408616778670055988881043767963740442480472402404294553e-47;
Solver runtime  = 6;
