terminateReason = "found primal-dual optimal solution";
primalObjective = 502.423706845433437874654044380184931172520837286681758686719632090901879272010691246056090125177934096958849587559912330225849669884624983706343100433136658;
dualObjective   = 502.423704981540055294647922989431531307323166842577592757992040392470622320133632234689010600954001801594989035251072698930384662209358322907947550586723754;
dualityGap      = 1.85490190912782419470542826485596565835455157358790789797049855569088233918586431174857681997087121163995710489075519938706302242142818007249450261933113301e-09;
primalError     = 1.26897091865782461163701227791527177341180942485054779080303016061973834894464973696620371452789214311483229552887544792330103567122181335139035317883808989e-115;
dualError       = 2.84387406531263583425309058959564073176878805958390630134553842865937054471013723990738775051865383345925491847236238979854569356726805669097255441098461918e-47;
Solver runtime  = 52;
