terminateReason = "found primal-dual optimal solution";
primalObjective = 3124.59925192656447342525934122844045030345253627069194526180238107612967267159967382343664035456691617535646647639388575632528764576910933601944056026246457;
dualObjective   = 3124.5992103987693780940058151428753474292316276442486684624603320549920869543906987818518552002694997916093450756505436066988735813781613610398525792896298;
dualityGap      = 6.64529944851178782454266956416516345341335208185631931809539389200489983450470325500690220796778741416414279371924691925999416463855945170273191713040443177e-09;
primalError     = 1.52276510238938953396441473349832612809417130982065734896363619274368601873357968435944445743347057173779875463465053750796124280546617602166842381460570787e-115;
dualError       = 7.9204300158306912086385479501340131943600545899197500614937718474812807480982408593517756819071092929996000524666063793554032369817156800479262893940754648e-50;
Solver runtime  = 70;
