terminateReason = "found primal-dual optimal solution";
primalObjective = 254.117244645597890483750695929756216275779566875062940926575013960486020665245290150213471154164828683536946828034129336483108143788437898852072970747374812;
dualObjective   = 254.117216568393207553590122701658365805576392567943240767097716272138278964148250755918235492730418766585685519839845951093252733784124665949045389034147702;
dualityGap      = 5.52445904905065262655248587814117629372358936110448662892946192580118103238498448512535366016936189558896545899842120233681617003002265954147547013957957231e-08;
primalError     = 7.15380778928103055200331110429470552572162084279749184631309877232828161242503144714497135474254988547839167664292346757210684660537885593298258325715964018e-123;
dualError       = 1.55791223608167733932564511724094006868211127066566345914806701902272418301268096385395275666628784227718332412041998294764099676924021756662434297652128366e-55;
Solver runtime  = 18;
