terminateReason = "found primal-dual optimal solution";
primalObjective = 2715.92254160286865443938297691205982072902263351670683424013184760240044425995663863440566022597148228278490518300349967947393361220970867019578545686580277;
dualObjective   = 2715.92201855631987720457903177311194644865839549488348735595133525840209206701589219875174800370502799926244036290185202958751855328956821794022170603216524;
dualityGap      = 9.62926208554661076352686619095536939503000874276990816767602728317043055732855926151374665272528198944309357033960472324526699170723608731034572836421414681e-08;
primalError     = 7.61382551194694766982207366749163064047085654910328674481818096371843009366789842179722228716735285868899377317325268753980621402733088010834211907302853934e-116;
dualError       = 2.06567303442355320378902034508378207813724217289939679666820039598605113080736203505408470100378930253291842756227452110462094444489703581626478612702816187e-50;
Solver runtime  = 37;
