terminateReason = "found primal-dual optimal solution";
primalObjective = 386.472938538716586552342578644903794367794906560868522635198058728573228709046356885056463386867511195793759894366765197571287058143161556559230846664604986;
dualObjective   = 386.472906701524193463542278678366636410983169375942252826586830567535108802141214570929173022589742830951114960988827849520039081167335422986337951876245706;
dualityGap      = 4.11894217287543883432704737374677614351981471135736754168161579847152445766860683916479489431431598889125158928940421245031095367431054208058177662319129908e-08;
primalError     = 1.37582102682973977636678975261700651613602246642954826878045187091871651862280357820462563519364159848665620078646812897438097294830766881386890007755615901e-135;
dualError       = 4.38060679359960957794727300470931553010495138703397453505331821111615013717729870403091872868379687256107514640260647594070256755546811013872206381407763193e-46;
Solver runtime  = 8;
