terminateReason = "found primal-dual optimal solution";
primalObjective = 64.0988842622997115403906114666233866302132529501754062395464637922908452025382419099232003510551438888280881360007060677455628942453731788447105509933741215;
dualObjective   = 64.0988757199039911322607346323048570125787807662372029525113677839276879265473586959859158376144641761046975125425541954733778963529589400260874752099069054;
dualityGap      = 6.6634516247350792558592426997906301611981681352937451409464169493427043985682493879530633295841716176336442781846495396800575357954100948319254968313279425e-08;
primalError     = 1.37582102682973977636678975261700651613602246642954826878045187091871651862280357820462563519364159848665620078646812897438097294830766881386890007755615901e-135;
dualError       = 1.10815881534995736181349081371074141372112565801210533909693906806320834935563767089843801955996255639226578748988368459725867554074614937238538391550709609e-46;
Solver runtime  = 6;
