terminateReason = "found primal-dual optimal solution";
primalObjective = 40.9900256625476446140953586332181750966769953676370627924449906690880372909444706509271943150207061155824748007556022671408650927553272192326614733625923431;
dualObjective   = 40.9900192515373822727957977425620278351282034451417714580635319639463156130665979831733016419129963452160895227590821849956230594701981601123134089721922148;
dualityGap      = 7.82020828246682397425024450279315903788155068885956636641263272945944047929122168392030404497095112037573052083779187042735473135261321338988246393551358354e-08;
primalError     = 1.37582102682973977636678975261700651613602246642954826878045187091871651862280357820462563519364159848665620078646812897438097294830766881386890007755615901e-135;
dualError       = 9.65280221939844808384105469031513392291460659739077989185157539586781515079143946583947824225515589843221050750048377296559837641560036279728401032739794128e-47;
Solver runtime  = 5;
