terminateReason = "found primal-dual optimal solution";
primalObjective = 5.66646491514900093215955706665813100590531484841566135011785741226011251529967677088326946923135415321586547113055502184112352551963554987176191771070878789e-08;
dualObjective   = 4.73672178371545802865743924900847559708737238018884997085574633804039969859400447340017832366267881990395628292418750177598338427761586148605421129932560244e-14;
dualityGap      = 5.66646017842721721670152840921888199742971776104328116126788655651377447489997817687879606905303049053704556717427209765362174953625127225590043165649748857e-08;
primalError     = 5.31457691459885703363728517764492359001874787630795945295695397901942584311642269221911849013406673337501496358099992918867642114473111514616410888185153179e-116;
dualError       = 8.02000089689360376216258785073349236353673745731740020078333974763755964515596981484440386091149490364134994371168018006184665962865781175723086129085428904e-53;
Solver runtime  = 6;
