terminateReason = "found primal-dual optimal solution";
primalObjective = 3976.69944442545389040601101974345771363720305917523040015076432221376783738745800176828197951093562618130811058266414765190839241495821426502298520814068778;
dualObjective   = 3976.69927485651212649816354949287676473527168624665008063564802430677945090204304509326870557078669987832110500093658748536921545913232788402270950417314921;
dualityGap      = 2.13203119507651888450908742407154839583091233381172001294802149906449826585331582444323653688901930841631404128588596654089084710407656927160559790292154488e-08;
primalError     = 1.52276510238938953396441473349832612809417130982065734896363619274368601873357968435944445743347057173779875463465053750796124280546617602166842381460570787e-115;
dualError       = 2.98932179277487561117776101406918156770259493441911546725222236372189127081941789941291424293843004585007742726963569562224019440455758201788649167582078846e-47;
Solver runtime  = 125;
