terminateReason = "found primal-dual optimal solution";
primalObjective = 42.6841552733118620423291448665311019483771427186014923462176825230763891187417654211756556853041444124251429148132636448806527752239057103410092990979707716;
dualObjective   = 42.6841493366898982478853684135842310554774891110057900019787850849701518469410592117580841400169429350873180412898954415512023693758785497051971299552166933;
dualityGap      = 6.95412892515017625298717152864229424918707046755635456167759130742205298928076240593331929880620148133090435987837934609777912440112607491997872936553112376e-08;
primalError     = 1.37582102682973977636678975261700651613602246642954826878045187091871651862280357820462563519364159848665620078646812897438097294830766881386890007755615901e-135;
dualError       = 5.28799432384318532934890581338406082126279835116254359553791174163797664684697632903856082278206474945624872721011177343939767276973738045964890464739740424e-46;
Solver runtime  = 0;
