terminateReason = "found primal-dual optimal solution";
primalObjective = 1620.89945739336006146185985257671954022548204566696511765157123449486333189816330709920819576596395188497323287850938189362893403646465073548378394111886949;
dualObjective   = 1620.89921782120728854603566385784586820375798915289650106868865695684129898587959910398229748157358143317221971568385670283068359433607514866418924031316309;
dualityGap      = 7.39009965685358555438565460068417047824597262271015430670345288345812293158631986954842430296980836606807308741490649550149592284295951425750409768979853966e-08;
primalError     = 5.07588367463129844654804911166108709364723769940219116321212064247895339577859894786481485811156857245932918211550179169320414268488725340556141271535235956e-116;
dualError       = 7.65933799502826920484502998041426365047874674608958474452598746043647547941019174606698986305134317662455203794056545112965262037371695290683283494492238843e-52;
Solver runtime  = 39;
