terminateReason = "found primal-dual optimal solution";
primalObjective = 267.429696682291173409406635974126924375680447001287648926634727053242004100198213650186670043539957835535424390633619547825203189779390391778825371747507984;
dualObjective   = 267.429647611941488268173466190720812454336166127855946918936223255448073293663155826949033399439855950648051190077843112179584877008776670799714540695704108;
dualityGap      = 9.17444001093248809945140931561777398980598358003320654399738985031440517488447969450694177846772054457084032873287741752800587829537300709661621883968847485e-08;
primalError     = 1.37582102682973977636678975261700651613602246642954826878045187091871651862280357820462563519364159848665620078646812897438097294830766881386890007755615901e-135;
dualError       = 1.78043897368645559925073958993976001443492423717369532386589282736254172188660153000845080731363294699165884612261941716848165604770166764205216379958723981e-45;
Solver runtime  = 7;
