terminateReason = "found primal-dual optimal solution";
primalObjective = 387.462200011736505057228079268813169742934186897431551995074215871742579715985782336187496076634720418026615025178858528382683616714364242507908566806438505;
dualObjective   = 387.462145739962369032498089607825213496894268310753417820697654497354349703744251441203413022086901320530098640810993435514583677004383026609908658988529069;
dualityGap      = 7.00349323563702856572757581035112229599510190758207641302358031784804326340743416139139271778783251049555126632321812609255399120345593414541816662993833166e-08;
primalError     = 2.75164205365947955273357950523401303227204493285909653756090374183743303724560715640925127038728319697331240157293625794876194589661533762773780015511231802e-135;
dualError       = 1.72031171559429564021226214222367549659438066318771537230459293527392017910594577427391006242721865734449423632248262280263915334574520049848103164989186992e-47;
Solver runtime  = 9;
