terminateReason = "found primal-dual optimal solution";
primalObjective = 1306.99666650670821897180824058955547641189365061267351704699341399837561553020717668225446702455453042774735871460477879981541007257047224170036120045515483;
dualObjective   = 1306.99669340030079296772426295401168112236443626253209319601782644319648043505125816446399284926295486566098582788217215882371980624224489859934456441571916;
dualityGap      = 1.02883170961660884994047347403822918927006412756383267818568756755466531315536507761617143246233786971677215308893403435751163284661035731277003043417660046e-08;
primalError     = 8.43300793438070141477484728551150361003646726570244264954126573482594800278562474920005624605086184102638133349617643592347983562811244362009590072620366959e-126;
dualError       = 2.17068186514888950681355618696065899082774491258569324492811336025555903256912132619523729608343336784950691994147436703460265848832417625660943970338771539e-60;
Solver runtime  = 18;
