terminateReason = "found primal-dual optimal solution";
primalObjective = 179.717539093957803934968268780785504023476010979393384699574372889368570658733910047314971469687781636169453940977799014397984595895715657807823644196354702;
dualObjective   = 179.717514365131326015750128553259946731661038736092257246101167227623347882654434583533842404856484509561652295219701024684969859913701788922013503526696654;
dualityGap      = 6.87991508895329577580282529976977245379919976908295251298645893788635877057958522546262388800751492230509072269730785624192131151508681223576439284244571835e-08;
primalError     = 5.07588367463129844654804911166108709364723769940219116321212064247895339577859894786481485811156857245932918211550179169320414268488725340556141271535235956e-116;
dualError       = 6.42349853111576752365306655282724066859572379929680242299671974088761436863175450321891553558903854054608630758028464835682256281376720178775591659835400818e-52;
Solver runtime  = 21;
