terminateReason = "found primal-dual optimal solution";
primalObjective = 310.37065529197864991140141015144296432453644570900223854233539232145903245705310368312772516674496753699060485018811481841829758513500306362022449075964631;
dualObjective   = 310.370599258285851632121727356710965477411381968061712268080556514637550623153853352322654157472911860661471649341403169924017110857280467760642470157853468;
dualityGap      = 9.02690007914432137250206611831232243998203427740889228986328553319179310280961310038676131541356477987561052646639051776158194853779058725642963335448599265e-08;
primalError     = 1.37582102682973977636678975261700651613602246642954826878045187091871651862280357820462563519364159848665620078646812897438097294830766881386890007755615901e-135;
dualError       = 1.35814283470110896680324598843342832843125623350349744726350718471472382978937229593604973008345929184254154169484944984599297030887215091808595645956120094e-45;
Solver runtime  = 5;
