terminateReason = "found primal-dual optimal solution";
primalObjective = 267.497806994979003895161399608849354426091790732476078814821456477224396071192151664922475835256763458344298313950154746934042683135937903525344209132607772;
dualObjective   = 267.497758055524819991491226593199169152112940721344044549860679107803884024558688939117114997180431946294099469683670207299671197265667190604513713784710691;
dualityGap      = 9.14763736018704444976794263666347941330096364642409680604194998573611231722210651156259086111415800136397566074374171457086434861159878692833766004817418856e-08;
primalError     = 2.06373154024460966455018462892550977420403369964432240317067780637807477793420536730693845279046239772998430117970219346157145942246150322080335011633423851e-135;
dualError       = 2.3294165226327888531540725194410331929036441882656768052312415475704235079666559270317693961402637801746047758674074377902649906813279817234482483997491353e-45;
Solver runtime  = 6;
