terminateReason = "found primal-dual optimal solution";
primalObjective = 208.450109896720519146788826914932134740043744477915856641082329589401241096326608295153012267084056721208939779203156618339657670153176754051999244014906346;
dualObjective   = 208.450075297913486235862532647671340906757532981076846600433052641970786820957891318830585620390663036247715663804826129145924736498779230688771137252602558;
dualityGap      = 8.29906252422462429326058076845449936593321901890204736782170030464374821941090699729128433702240498315822948692162480318115106737631843847514335488707980175e-08;
primalError     = 1.26897091865782461163701227791527177341180942485054779080303016061973834894464973696620371452789214311483229552887544792330103567122181335139035317883808989e-115;
dualError       = 2.12000499453838783389293495434712566728991035109337722447598903608048688577664333493490241505997678211780479386351139503403001647022832959514988850451409899e-49;
Solver runtime  = 123;
