terminateReason = "found primal-dual optimal solution";
primalObjective = 324.82348941030176667504511878424453613524462545532614656936409274173975183594360035469712224919730943646043863739445241391322541082005537949507537027182615;
dualObjective   = 324.823463999164034820765776520382587862119107789397576299058980364404939325943575299991604059858834150918373537054820029624043583657820392665159287882474819;
dualityGap      = 3.91153034713577733898991704735287036435465902285104845356683998796474888380253331900846469024813307861352246569731301886737780152013638444571500993980523471e-08;
primalError     = 1.37582102682973977636678975261700651613602246642954826878045187091871651862280357820462563519364159848665620078646812897438097294830766881386890007755615901e-135;
dualError       = 4.6100376906899020682736874533050752468193542318791319892576313467423841121461793059517014528329469630230286138311188628815826990572296069147973784317503547e-46;
Solver runtime  = 6;
