terminateReason = "found primal-dual optimal solution";
primalObjective = 267.545745950862994085205275727832586382543271819089125493984925878116199920515664071460763654235740672296769900092660169722757161298269195143153914159231904;
dualObjective   = 267.54569493405895855192233510925937245568298248557101303294479512234461435554205709665507617615015210906006819181179784763985232450616162090013378430594385;
dualityGap      = 9.53422165586555869680538900987128264747056941621762819868653855399625121933390427650234775205292889514839063992944995834226672838661287285449296679103725227e-08;
primalError     = 5.07588367463129844654804911166108709364723769940219116321212064247895339577859894786481485811156857245932918211550179169320414268488725340556141271535235956e-116;
dualError       = 3.19500013476460769833727517637966644799935073391183922893957032473554382956777341995616862104379728265612112588094247768266828438116279338646110350405301115e-50;
Solver runtime  = 90;
