terminateReason = "found primal-dual optimal solution";
primalObjective = 76.2852741497087537052253763361116691633394250422146826997124175304621623704745173121526117345991265510675218772081651837064709507077734231793228828542800184;
dualObjective   = 76.2852652701292898937622162025043389645062306495830696321037485998771553839213443035831207397155748810994752492672050434489326796716536450954318721159379012;
dualityGap      = 5.81998300430528096716282419921590532450244149189618699196225830890839244065689253423825106746726820838628086946192257707347092601368291248763838518865376007e-08;
primalError     = 2.75164205365947955273357950523401303227204493285909653756090374183743303724560715640925127038728319697331240157293625794876194589661533762773780015511231802e-135;
dualError       = 3.01696739165562403874344081429767966074588543268494311552999650543877344085861339233107237315963970510987705660799736510046002427219127662661501640959304446e-46;
Solver runtime  = 5;
