terminateReason = "found primal-dual optimal solution";
primalObjective = 227.092378168881117421543678488385846802461669180169729910061126970954780556432423661613660228919060110564103702296544372495610854019210718785760388236324658;
dualObjective   = 227.092348649137044438076616888967393535325778716571012088074633171702679583386100900004917813260016550793689838384022201224734053484648934192591706746380055;
dualityGap      = 6.499501707112969419196026430251816856230094419199938609903962452797347003943528877519768864731423571196371600215994292533310565295514661153661791357211916e-08;
primalError     = 3.24764615121001783558841801654154473458710230619277924325629798298742313367430092238864804519250034315281908645249394958667248003080210614251292219185622012e-120;
dualError       = 5.08031931650367814877578947134170945122464537920704285413487941436388605773685061111264367661215803644050800852806782645334738842336510880208422670559505867e-58;
Solver runtime  = 20;
