terminateReason = "found primal-dual optimal solution";
primalObjective = 334.01078267103842213569636870432693691817213187278468700097861282749415726830456276597085908312400550666841689472891732105893980671575691302352908995380555;
dualObjective   = 334.010738584749450559191901065869879723475158397438688860625827957977588534269349872791971440860923446663378984172289114953058239173294738850985804156694971;
dualityGap      = 6.59953123796077580354240773063558026201186316032745483643761956077420550928833382183571421053284750233566246290115231508220571022210190288060423328297040292e-08;
primalError     = 2.75164205365947955273357950523401303227204493285909653756090374183743303724560715640925127038728319697331240157293625794876194589661533762773780015511231802e-135;
dualError       = 1.25311243142333059107305483474196523798206512594035254543996250914700634004526266460302086622402083327719611405061723586988257966395976953140030868652089845e-47;
Solver runtime  = 12;
