terminateReason = "found primal-dual optimal solution";
primalObjective = 116.181680887290206562470696392480011394388993539636441709951710406971884295869981838852040627681478328376245899440005846558357639151496186698776437768565815;
dualObjective   = 116.181663269191491005708506541875143701448035529926230732695919114191639251821536003132849939681555144315030085022367283110633947436764865601532870400915953;
dualityGap      = 7.58213339522782523783711850390056103872965377860807614351134751412820670852186199032632715701376554482728916993835933725558976860650936052342333441757850967e-08;
primalError     = 2.75164205365947955273357950523401303227204493285909653756090374183743303724560715640925127038728319697331240157293625794876194589661533762773780015511231802e-135;
dualError       = 7.13240020950632391116800084739990182289867416489817137550086242941405867714368770085081316198888364572020699616163614977258090417499554652857971460350122269e-46;
Solver runtime  = 5;
