terminateReason = "found primal-dual optimal solution";
primalObjective = 161.401686191967936798526237785749716573884970844138418089730091061532144974677611547039582254769561880584712428431886509390679071747396667091601876554904545;
dualObjective   = 161.401671631021837654502242415722548923090015096339921247465708985298069504857624077374099179805717840018762509672774479786512742719456892445288278258899871;
dualityGap      = 4.51077900717766513751714282589001578208237914216027581889531045300935933565334889980000126128831931015408443932127855444964830821867497007754265177744447854e-08;
primalError     = 4.96363590530002364625702319698430043298397747921181104204287369989874189871059973703868215160895608669937395159803900707719893117937661555898471618275926873e-120;
dualError       = 9.97934400652554100278747806103706103036496731091913941019424565073095478956182668807981817154756662493698894966413849425114695311282412100286236747317949888e-49;
Solver runtime  = 10;
