terminateReason = "found primal-dual optimal solution";
primalObjective = 394.100192018326695024778146716967779228458498595703218924337144662957578308802129050021386568739415591402759669979919885100559438737017584202786560229604835;
dualObjective   = 394.100121013439753731994280830984257130714823320268780652783877500710801045505801652380486062088183912278213921849786808827194270403925321591890581628131964;
dualityGap      = 9.00848245900545701785114392756053994443269142901156477511684956368096315047505408716298890755174621506671656916056687807181319320471119396554916140630099828e-08;
primalError     = 5.07588367463129844654804911166108709364723769940219116321212064247895339577859894786481485811156857245932918211550179169320414268488725340556141271535235956e-116;
dualError       = 4.7674250559953007715438341818236647226916863128460199840568897163866030164869920582570392263372741517894888322583119003650819737785942872343883678044251432e-50;
Solver runtime  = 38;
