terminateReason = "found primal-dual optimal solution";
primalObjective = 383.127576435604677024218106279748111274747992318070520966740096100411249891347347296883826125127383120784253058556990136992010967758796125836684835056648232;
dualObjective   = 383.127541113142215085710313879679863855812965123546273768108790231481673472092307241301725305332729437581003681226773202162276164159366312424276891936187967;
dualityGap      = 4.60975224216905759724011389326796219709480940182877819384175351901482829904982817805714066491139054615671357879062810333979158034151791387220214155551674323e-08;
primalError     = 2.53794183731564922327402455583054354682361884970109558160606032123947669788929947393240742905578428622966459105775089584660207134244362670278070635767617978e-116;
dualError       = 6.54274913670890848936062308906231363898302403948240527395329900649940035780869124421335336106273239315943910494403070985604848811255620228194848575691902371e-52;
Solver runtime  = 12;
