terminateReason = "found primal-dual optimal solution";
primalObjective = 454.60709449166483854638672266487926100893007651448545518082320847279207186993607928003920727312976044915456257225996890126008725902915234087159098869918558;
dualObjective   = 454.607035919301697551401639768407699913252435237822983508155438321460729613224409001418523624505643837961900178371710722761699440395949864794105173025131708;
dualityGap      = 6.44208676283112364974742044714459381338112416471832706887647388471612715138438880805222047122055911067405192126664075460633190845703333083202792964045164804e-08;
primalError     = 1.01517673492625968930960982233221741872944753988043823264242412849579067915571978957296297162231371449186583642310035833864082853697745068111228254307047191e-115;
dualError       = 6.2419449397244940506505983786778564897237075460798281317207721126421517247676385567852744470230551078282815617296760678014370337715131447555451988274905634e-55;
Solver runtime  = 48;
