terminateReason = "found primal-dual optimal solution";
primalObjective = 0.161033205729350535607257171491464813381526993040314202868399521121165294448324982999123912710398896282882145690521339148840720667311366919060664020981730919;
dualObjective   = 0.161033164942351463505474884782631454761988490096788184445512597026432703298667946393489519485487763245984681031315007300864784903128146614651758872666848164;
dualityGap      = 4.07869990721017822867088333586195385029435260184228869240947325911496570366056343932249111330368974646592063318479759357641832203044089051483148827557869102e-08;
primalError     = 2.75164205365947955273357950523401303227204493285909653756090374183743303724560715640925127038728319697331240157293625794876194589661533762773780015511231802e-135;
dualError       = 3.04868024493800472370981866446388253887610562896039569333005904243527764780410292330946342838916640273334012261457116730362307221818274671951388369825647257e-49;
Solver runtime  = 5;
