terminateReason = "found primal-dual optimal solution";
primalObjective = 0.142747034607547738631862148078553637135628157397837404418970995664007969319141235946971532090747166264921102782072515216193498652007813243286177669852444105;
dualObjective   = 0.142746956731693650290896527779847344099501791181617867302416351874589346231798902129485526427534736550296819441861521614011906028827842418642380028966077114;
dualityGap      = 7.78758540883409656202987062930361263662162195371165546437894186230873423338174860056632124297146242833402109936021815926231799708246437976408863669911776617e-08;
primalError     = 1.37582102682973977636678975261700651613602246642954826878045187091871651862280357820462563519364159848665620078646812897438097294830766881386890007755615901e-135;
dualError       = 3.42079773833546682424674580518060510405001784723489801499863417241000917233172215337815852025751673019803566379893928859666353358226919620808792581754718302e-49;
Solver runtime  = 5;
