terminateReason = "found primal-dual optimal solution";
primalObjective = 5.66644812642737165333712708936802251329197030388681522622270556242138399743153506202731270768291089643806393219673237040864041824659683581480588825991984628e-08;
dualObjective   = -9.97241350012254562038685863290305758785026579257613563909899197181677392273770775135795272748004917182246045823471180293092609282125846974733834277140055628e-24;
dualityGap      = 5.66644812642737265057847710162258455197783359419257401124928482003494790733073224370470498145368603223333668020164955265468624171777712890741517038576682102e-08;
primalError     = 5.07588367463129844654804911166108709364723769940219116321212064247895339577859894786481485811156857245932918211550179169320414268488725340556141271535235956e-116;
dualError       = 8.0199787177458012289615958377521229115856936965212112738109289985283481380269453871460556385589905550661185930814765438101020113647990245785145647655238226e-53;
Solver runtime  = 5;
