terminateReason = "found primal-dual optimal solution";
primalObjective = 395.45049778512688971926952555166352777877979580755648341202115246630757648060405292040698207582820577467341475261199153672843044559453711262283217032460949;
dualObjective   = 395.450434533087020423647881379533710153415775951890271848719874633617122719592275922984974649952664513616312532024346594226616896773354556827631406137727877;
dualityGap      = 7.9974668488374685177514570765139478697888806815756987843294900266487750671400741499093798201059196920474799150033117118731506491107441833812848223907048602e-08;
primalError     = 1.26897091865782461163701227791527177341180942485054779080303016061973834894464973696620371452789214311483229552887544792330103567122181335139035317883808989e-115;
dualError       = 1.23835148388979520822723933037751840125059246990197821035071559262121333185285434324347352635074036593915005173500368145628296919434101894281862596452121049e-47;
Solver runtime  = 47;
