terminateReason = "found primal-dual optimal solution";
primalObjective = 837.532761443505022679467855294987234337228677758490188055517331490404279888533537061053740413187746540033938146960737206349214348741603620321640665136889212;
dualObjective   = 837.5326120617221656968061903037293301707348645987669745919754073288400172363103498331435357355660426636342175377835817502703881897193045991854057723689749;
dualityGap      = 8.9179673354710715541533816936767636160047209200651432786132121690108370026858560196679506002785729526817065589838320621329888954748507622935766427667030754e-08;
primalError     = 1.37582102682973977636678975261700651613602246642954826878045187091871651862280357820462563519364159848665620078646812897438097294830766881386890007755615901e-135;
dualError       = 2.19304089107744483141532481273994709184399387848581999651528112807897694125730064933103946304318661872391832102542353658838104829550059785727485339392234953e-45;
Solver runtime  = 9;
