terminateReason = "found primal-dual optimal solution";
primalObjective = 530.452485287135978406213009008066057095198257453850867617329828786735664219486128104212385714494634730662352021981864737635679346858227303763726973982051829;
dualObjective   = 530.452451598045025239338557956148187609475028124378572175868814577124465666516175407270814022285630982618780388541692266948585442535404185778421643773099073;
dualityGap      = 3.17550515431459035602731948246441168706041822123432452454628393507915434835194894074971471800066123245934989994598233126763496447456158529389045681980436972e-08;
primalError     = 7.61382551194694766982207366749163064047085654910328674481818096371843009366789842179722228716735285868899377317325268753980621402733088010834211907302853934e-116;
dualError       = 1.02312680961165506604475741070211192574269260515670451169896406528077496433003716111728961363144781305704576051369644557150868193836688477447175974829394733e-47;
Solver runtime  = 71;
