terminateReason = "found primal-dual optimal solution";
primalObjective = 334.013455280161727118058310808839333436645178825707830720182873756631101094928570265891319400430449868668979617897730351142873569373404732625913402940658652;
dualObjective   = 334.013399788741087120815286181990363795298529471127102942343733423731739567847656369852667817748701932654185866246391346366175783632005094359936914124136342;
dualityGap      = 8.30676494798605786637966082175089808800444611434016175088981614796177680666335828854727122581262796016490471398904708238375050827328603442191667344837195382e-08;
primalError     = 2.75164205365947955273357950523401303227204493285909653756090374183743303724560715640925127038728319697331240157293625794876194589661533762773780015511231802e-135;
dualError       = 1.66651054582235985886534739028940374396103308919070986428601003600797405470269913983323843025041214991657098938035557024792682369187416670701681070383865303e-47;
Solver runtime  = 13;
