terminateReason = "found primal-dual optimal solution";
primalObjective = 267.529721359470169253503045358425089330668496234732065935136770401136958126255346606021024313596143011034688788131259079887736347985744298711262040314326748;
dualObjective   = 267.529676212073316958854280558816419845978878032632656874836156527284084363317739145522391274322421941886081215363258863820335317120707209797446167488527542;
dualityGap      = 8.43782896949453761521626053019445836641544225448182870030323410044768902518491862721888592203157192834333014011490855829325671887084360358596121967343219077e-08;
primalError     = 2.75164205365947955273357950523401303227204493285909653756090374183743303724560715640925127038728319697331240157293625794876194589661533762773780015511231802e-135;
dualError       = 1.58916430835757418298710899661319948147174563968792680942889246528828236970502265274225390082216246714969025610485380446834506669862349941967871220830666736e-46;
Solver runtime  = 9;
