terminateReason = "found primal-dual optimal solution";
primalObjective = 267.544155841834675795681019540356117831553417137403645570612726875989203716096428221417922336073732739637985819514030279639071177324300131206817761807990529;
dualObjective   = 267.544122165961178578097986274556429624241571841773610419845488237336432037239499369993227059803784745942871339476440238581282479602125214417511741400199261;
dualityGap      = 6.29351732813084527846378491615091234855720621492389384538705972589899817095278151505763571355602225934637210166650170670831733043829295551744184088703022779e-08;
primalError     = 5.07588367463129844654804911166108709364723769940219116321212064247895339577859894786481485811156857245932918211550179169320414268488725340556141271535235956e-116;
dualError       = 6.92573515007679074451375956592248216483511605448400950968615216144156952928697546104836986043028226256635592734527201474699042003830801963844707220820255924e-51;
Solver runtime  = 31;
