terminateReason = "found primal-dual optimal solution";
primalObjective = 584.400498015021097038942595719713366039013259200073334126747202183290695325950471555598987784572738663487719940367755205530596254950868063144019615671581739;
dualObjective   = 584.400381843824164728262120204596106803303980315921945612617358316602245415456789166007834946765633854736401925935175390198296279445463783757843410181195075;
dualityGap      = 9.93934886037564776144099789585083244503576879311363218718604642190384713888989152223631098066574515229804679744530281832229064002309951589392364332047445994e-08;
primalError     = 1.52276510238938953396441473349832612809417130982065734896363619274368601873357968435944445743347057173779875463465053750796124280546617602166842381460570787e-115;
dualError       = 1.84732076533546704901126620699233362751142890002003508822916648172129062610058473334886605132130115413303636841110520064429104521672562636841436730947768325e-51;
Solver runtime  = 178;
