terminateReason = "found primal-dual optimal solution";
primalObjective = 1021.47452905246463308291392982027133697536272567652030486883477841708795209272474963297076922824744937084330485355758924357336272673074742700597951842878087;
dualObjective   = 1021.47459517312559435089174037606942392516289360576151079205503115408596500619742555026892084024817158420842457665432441071994538612850233406346058699136687;
dualityGap      = 3.2365299838943361987963656714245010609290008987022586897396630683255583211924012485455177483209889964896367481466203368517189391325214367901912870710093973e-08;
primalError     = 3.9629880808322389495322892691864232609271481261773377424158729752439117993396758079522622372370706921793554345147360986044184640538334050524967293747677046e-122;
dualError       = 3.28997548281028832734085708491338663404285175718469181474978136473953663361358006623800394513172828499498777518695419199687037210383557874604176531469370644e-55;
Solver runtime  = 18;
