terminateReason = "found primal-dual optimal solution";
primalObjective = 151.162636898237712373893730591949403468762812945168502698228683189360630722744950972297769106131216822540999048332711735398662094087264999146407142325859754;
dualObjective   = 151.162617761982631103755141889090293877881753647823534127186191983741138665947728786780674812130387039800771226712439618618819441636472104919220141369064267;
dualityGap      = 6.32969121378137650254017257196799349208553527027290333395505841849627099061700958109212667889971520863163337430293606658488394350808130481367245222325079405e-08;
primalError     = 2.75164205365947955273357950523401303227204493285909653756090374183743303724560715640925127038728319697331240157293625794876194589661533762773780015511231802e-135;
dualError       = 4.81035718695148415057919447771576198000354741637928800943737217641087650395796860870581781375751079247252314780956875986838151759667821001314583031377771026e-47;
Solver runtime  = 8;
