terminateReason = "found primal-dual optimal solution";
primalObjective = 388.604063540697489193948973060853506629933994975764739236003171646851135671750689192273663359127198295101220131131646760534896778141268308314553691112414373;
dualObjective   = 388.604121990829370393687772067205787221793153887809816309605360090281189021268857978219574719168995336822970036371899466961716217888644786388237610146737252;
dualityGap      = 7.52052448356885628873986627598705227028386427782514435253871217960789736570409619859312006572158814195537190627953427974284141049447562400071192204214590913e-08;
primalError     = 7.61382551194694766982207366749163064047085654910328674481818096371843009366789842179722228716735285868899377317325268753980621402733088010834211907302853934e-116;
dualError       = 7.35113328777939118031114057425009759565429972627239982247046504450736191205954425084864120349759474684314869170411868948306438945678238204382197577854289599e-51;
Solver runtime  = 18;
