terminateReason = "found primal-dual optimal solution";
primalObjective = 454.76591364181046529223262379254513905670854627764592756903686232746133699880858612038183003397834676564918585935114841570792193537531325348697194329499784;
dualObjective   = 454.765886079787758064588311478547422736877576624676562361422190920201865273251898705770306096118841238371693457577385746207115172307330903068679134810077559;
dualityGap      = 3.03035283820359007265384168174126169410524744057861565179980855656155622491014754706261093172390283207798923508579314789945417505867582123885204553430931204e-08;
primalError     = 1.01517673492625968930960982233221741872944753988043823264242412849579067915571978957296297162231371449186583642310035833864082853697745068111228254307047191e-115;
dualError       = 4.5981244017438661431427877064426903021411994986149784536920553346011683986081271432070654250492491229953697263271142651536672444632157870191496984903586368e-50;
Solver runtime  = 38;
