terminateReason = "found primal-dual optimal solution";
primalObjective = 1120.33592625194166293548648000382782143064110101791690909219469962011088801468324018559211492852605478829011882460243858563828951612960922876575213953148589;
dualObjective   = 1120.3357368221831160277941085673471145866643143396357443863964343847671469594882572478344614697607512303064077732328767150539706972440054623670423408542357;
dualityGap      = 8.45415067582978898366846341359760915184205829092587503089669000468627095832699529575099971426576833472758380425519998050594125211282300524725849652294336854e-08;
primalError     = 2.53794183731564922327402455583054354682361884970109558160606032123947669788929947393240742905578428622966459105775089584660207134244362670278070635767617978e-116;
dualError       = 1.19897464553133394502425806234757316613205941178454218962179417841565082187121511148848146093801270131154975432178364290712391552637307903252082003832354686e-49;
Solver runtime  = 15;
