terminateReason = "found primal-dual optimal solution";
primalObjective = 298.950714788845645388638853055734853323562512394414189433167665634034922747564033729849197102006906495970400327793171541706232469663338445754613664792305866;
dualObjective   = 298.950683066559589336533408794565337141600812640215977031720015213416621480423147903803855592215635751894504744267146096255147236381504340849337854753971174;
dualityGap      = 5.30560493249151634243326526685680684402962341978583047449728021860036389012926685443009916466061208888314675290061690267014341447561180373502555300630364032e-08;
primalError     = 5.07588367463129844654804911166108709364723769940219116321212064247895339577859894786481485811156857245932918211550179169320414268488725340556141271535235956e-116;
dualError       = 2.41022296580614843071087243417135624564923701348772930288820300855340831144427914582233795929026021153116221825102370554394048051645089789423744349756109114e-48;
Solver runtime  = 13;
