terminateReason = "found primal-dual optimal solution";
primalObjective = 1827.73674722804631835619529599614171400951999260094881754120444616267617739564231211513405305183738190461010961419244640648020216980272054216664561414380026;
dualObjective   = 1827.73656998449098161177619510625831520979892210602076184535054184805575124856133199424485960291872894335113700259205714804010617951820916231190290890716707;
dualityGap      = 4.84871697742005668028222286215612049123034717009201429361647352042363035170736283072685748441701499226965648964279629646829072134223565488307773647325662291e-08;
primalError     = 1.52019210636588308467664194326131955646321797414501496716026434876001350731073784009706094889749717963462581665947234791848961552234197853681152653556551245e-121;
dualError       = 3.23260816432450142902845215324425747974678278069919986113186874761382323432270293674554604592825275692010544104744770709083841682973406993978144061945756366e-48;
Solver runtime  = 15;
