terminateReason = "found primal-dual optimal solution";
primalObjective = 254.120375515710359742121389013922093750290297809790929226883210252233879803675709031431986658450564476054724179498433427095739480159209047864509680217761614;
dualObjective   = 254.120380855740740768592831757100794101431364196485484027416327982502075644355804399257590455715528040119025027883155720488579668872863447330261678996287557;
dualityGap      = 1.05068912992166159667500548866234872500575331912374226415731586930431001497265105327837570447914221392646740922694306047140263847033709440804893879683386654e-08;
primalError     = 2.45289216212303539168890188033906336233369285632010792823326036178734328599954625566503001709250552592728433062446005048596605146653528447463544715495760833e-122;
dualError       = 3.45467294721393217253020181889895840060330760138455629647885494711694074578378289791002510952006421152242457625909304502031252852923264031246798839275167263e-55;
Solver runtime  = 17;
