terminateReason = "found primal-dual optimal solution";
primalObjective = 92.9629683013120480005774327749153513060110270882194142077759292308740689005897059605556040661116852530471460953845555591238285949329715182914687178109314126;
dualObjective   = 92.9629520750987200915068482871820806834381765117619032568190681402190747474176842075989835229677255468558494089364909791063078529155931148698932576117645492;
dualityGap      = 8.72724647271277458423238989651889931341994058103405099682701099478536360408533268318738203993910097760609028158645754289274749601675185041445502152159371883e-08;
primalError     = 2.75164205365947955273357950523401303227204493285909653756090374183743303724560715640925127038728319697331240157293625794876194589661533762773780015511231802e-135;
dualError       = 2.22177074996019374212625389730390349910073807927522022020445189522762810161230596513970739986641983494477014109317534668977537847250997140966085569208416232e-46;
Solver runtime  = 5;
