terminateReason = "found primal-dual optimal solution";
primalObjective = 4.70134249166388689819379696268748515504517760433242134619305217329593226449350604220957639891151913039150568418909086197861809280136269431227337904144911388e-08;
dualObjective   = 4.45724560512274393941706866397137715477753828163106888421381566228863837599837418730069105905009554382907495905399132123046098232246966917942987940897027391e-14;
dualityGap      = 4.70133803441828177544985754561882118366802282679413971512416795948026997585513004383538909822046008029596185511413180798729686234038037184260419961156970491e-08;
primalError     = 3.02747590526379154921547798552135988282457636725065749552468607529290435846210791834896165330819726591348261917368247759808390516511448686400556243989075814e-116;
dualError       = 1.44942399450386094836158884223313485485097510123491872453226525749535899848561331925322115832238346371730224614716835341032663819251369900475224083691517944e-52;
Solver runtime  = 4;
