terminateReason = "found primal-dual optimal solution";
primalObjective = 267.541130510573643285468119216725102182225090177071844980666420780316016487866542918968896295341673425324930108681175222493675961176256223114673765595353737;
dualObjective   = 267.541101401437191145951377958423578155435306342631475200164608775063159957269589673799302666883725407705213933634764554424952690639508365784997516554898402;
dualityGap      = 5.44012391294021446373708164511968395237057435079452174491517447076023582764429175955353491432799858502712336220492752488543348941254730867624385736925360563e-08;
primalError     = 2.53794183731564922327402455583054354682361884970109558160606032123947669788929947393240742905578428622966459105775089584660207134244362670278070635767617978e-116;
dualError       = 4.56118359567705028878374129460692870317421851637944855231596254531145909045737278483835082443497906811845843657817970602049222252664190189336553273508374224e-49;
Solver runtime  = 13;
