terminateReason = "found primal-dual optimal solution";
primalObjective = 42.6828019390058852302143194364481684465532086273255650219884062972312924576888945022381958319572547376136383079090890559868281636259310186133611521236231014;
dualObjective   = 42.6827941161076962264401632404750372947559276200432028311360137150743399244257866790658469909831314992471623261946463918516440797533643057745087206034937089;
dualityGap      = 9.16399410361191504036216948961250587184107489542977020499643185987651091116293658543864205232431252277515894139247888677377568842801837368895996027745154689e-08;
primalError     = 1.37582102682973977636678975261700651613602246642954826878045187091871651862280357820462563519364159848665620078646812897438097294830766881386890007755615901e-135;
dualError       = 2.75365412685435454355789323794583248065186627553848240657228352460803979919751356055150108858570242949879557534713008892999241398283858019094142256676847337e-46;
Solver runtime  = 5;
