terminateReason = "found primal-dual optimal solution";
primalObjective = 6.3730181355779405064037240153659520331766247441999249325112564412911868506523788314916148455821731268701031195226274759951812496386724920651540888039010491e-08;
dualObjective   = 4.82380151848714399035332300063944168156268565053297833813601534546197493501381944131628444654176711577139441149171243962816480760822801856788310693674325495e-14;
dualityGap      = 6.37301331177642201925973366204295139373494318151427439953291830527584138867744381767217352929772658510298734812821598428274162147386488383713552092079411236e-08;
primalError     = 4.67195196555904589845507403464192919965060343041338688105804115788407293647287733453158155653304537139934721970894530104781394835432080119902396280024449666e-116;
dualError       = 2.50924933312011582176653919551268052621617680411102006497798162042404634659465303579846060063903767356943945332268721150220860617560530686049845415731801062e-52;
Solver runtime  = 4;
