terminateReason = "found primal-dual optimal solution";
primalObjective = 584.219577022442805034652067975725206018627058720755230222929819321520921163457619290325707483631729809677768483867828365354695061996748086458363526222813559;
dualObjective   = 584.219595726095650198097217455593300702722250299406509525256363950585039380421224599134274661209370069192419653936947251965748671042017885240499513519914292;
dualityGap      = 1.60073825676064408169329185955193625264169906070400944917530478339391633363071903652333534009312343102980897497008377922316884492840328042603452717487856336e-08;
primalError     = 1.01517673492625968930960982233221741872944753988043823264242412849579067915571978957296297162231371449186583642310035833864082853697745068111228254307047191e-115;
dualError       = 2.02593662419814364324412371271851852811459993636505295905444356042586523687572762250241966164773810825597559998062973368828693538135133880157865982035871677e-54;
Solver runtime  = 208;
