terminateReason = "found primal-dual optimal solution";
primalObjective = 174.874850909837964531370886893472370513351695748083848121499882040809857152946611062958174746246398863127340695805133663989598905251359080701363014452832883;
dualObjective   = 174.874827872214605091874358220551229507115858712023157759119501561475623122646621282603936070159220279688418422337115030749655455574702538914836282287239168;
dualityGap      = 6.58688906868030377681318641155383696699581781009878408052688990347610549469851979650614181646893505904659005082076633561119708733356820507854708881413869556e-08;
primalError     = 2.75164205365947955273357950523401303227204493285909653756090374183743303724560715640925127038728319697331240157293625794876194589661533762773780015511231802e-135;
dualError       = 9.47788890429854195842821567900607742555997208704446271947667048489919253327723893043048637831314787788800026028323290784871660804517255449411593199511002745e-48;
Solver runtime  = 14;
