terminateReason = "found primal-dual optimal solution";
primalObjective = 1529.2868202032580530771896481589816844614984946998644384714196472744253677383374889180609333382075658080189350710769726154979743917142102976018734842846111;
dualObjective   = 1529.28668574093239666079912846163894732948267008817836425685903040294888332274955523245102174583768000610605613143803770791128032011545931746465096767608434;
dualityGap      = 4.39624306543868669746279851373900240638162357496009515382691353972246795324108723964685220757720129526812218788328087828682212375106103422719670044258080599e-08;
primalError     = 1.24690436031828221529088333619571470102687794379334436066051903620075790435253337601236813651169613066300201719560099613645452642065566378416275318845176314e-121;
dualError       = 7.93581677595441480474431415287999724289161129091281102964984385376126716087617494168668673636607007610509946502454143624020867322972150136151560476160886665e-51;
Solver runtime  = 14;
