terminateReason = "found primal-dual optimal solution";
primalObjective = 1995.40356053796453828075778104665803869390528838471007161347152631437192658389194406492911155332086642043929507449301610155129161758625774439966924543616975;
dualObjective   = 1995.40394505217023452022537518066140827979822007106642089702653543885326076976880249284476953020899546645942420710994220493460722462853443908732039236308541;
dualityGap      = 9.6349975577030492892090228107744719973621485163220234670723353568830241169038162153021730337384466170930879921602239283164384962455683015253843198572377909e-08;
primalError     = 1.01517673492625968930960982233221741872944753988043823264242412849579067915571978957296297162231371449186583642310035833864082853697745068111228254307047191e-115;
dualError       = 4.9878480499328167411476931082450984211675970605561941612841718932134559257182242906678814680696696216095730779084232079524282349487304981411919913688132967e-49;
Solver runtime  = 70;
