terminateReason = "found primal-dual optimal solution";
primalObjective = 2099.99271485939857305290086870077155924694108154119082949464820067096201936379576779209655949476098995889986910908209679724452916548259675367049891810180044;
dualObjective   = 2099.99238526019067397820538217726714758654894510833711282617118378824747400971431252062133243233604848641115054130580065995816005133816193487548506406257557;
dualityGap      = 7.84762802824442820565587107770025018418038248109912990743019130613732409461364222486829371352909133343905367224624905007596420144665796097596606130383240911e-08;
primalError     = 1.01517673492625968930960982233221741872944753988043823264242412849579067915571978957296297162231371449186583642310035833864082853697745068111228254307047191e-115;
dualError       = 1.91710371129024409977826966298824382553057955195847468751980608991656384975559316595871708325959149030056568019461666234503810578283310301373816623312190541e-48;
Solver runtime  = 121;
