terminateReason = "found primal-dual optimal solution";
primalObjective = 143.09557580525151656689637213279595184993411130384295429989995493085524286532929253870906916475413499571662204875679833039658915345909975936400153166974813;
dualObjective   = 143.095557753098965159302744332121527408316403242436294875128059126060194376785611915434283687264988743203395405558851006744517120605567277081503548915060499;
dualityGap      = 6.30772600358249921769206675721597827642872689650633779280577473049620595778222599892812222212749716385144086272244425338727943031239473092508670982189356471e-08;
primalError     = 1.37582102682973977636678975261700651613602246642954826878045187091871651862280357820462563519364159848665620078646812897438097294830766881386890007755615901e-135;
dualError       = 7.00314697658760788169525646846521399437736837154776637693919897363539422961675945087850590352787754680173433519158054107729796510450507001099348888345534848e-46;
Solver runtime  = 7;
