terminateReason = "found primal-dual optimal solution";
primalObjective = 229.308883535444467006332274131118468414003463937023394434155862833101817604883254940195666055690096516381575073874366568458892907753954800486002623199101929;
dualObjective   = 229.308862030577169614365732591201454921135454406928337860197148250039157508965117468545141768685670155178111080841857862353086520644159909809522363495083266;
dualityGap      = 4.68906131638034741468972781888807516609389419172014685131842704710067562364302630145597627987990484624420884299462190034075989577807542910386235440347004822e-08;
primalError     = 2.75164205365947955273357950523401303227204493285909653756090374183743303724560715640925127038728319697331240157293625794876194589661533762773780015511231802e-135;
dualError       = 9.51143112550796723826298132246882709551356918290095620227796499760616285642229763023211279086236610924835766628442338219654264560213533966541397670564535827e-46;
Solver runtime  = 6;
