terminateReason = "found primal-dual optimal solution";
primalObjective = 267.546214111144918706963326608653139321689210698122659437100707268615227759493848215495160829751447680596442451132179539487197726013759729719225509348818868;
dualObjective   = 267.546166915780714305748536412800078993069138241857382093451609566590370719017916068656469026146057224709392663876203602884956610062985946490036131047123797;
dualityGap      = 8.8200404038319437554255055807651996614158860336828349713089022203797592460292102609237501605833541856827009851804564996612722343775498821438632563824263844e-08;
primalError     = 5.07588367463129844654804911166108709364723769940219116321212064247895339577859894786481485811156857245932918211550179169320414268488725340556141271535235956e-116;
dualError       = 4.45172354359977665035108112199995446843067218503813330907178855141623216470696964225759944280933811228039857497382441455146244687238733329224104463687463429e-50;
Solver runtime  = 136;
