terminateReason = "found primal-dual optimal solution";
primalObjective = 364.389003587809130338289607045920610577565409641720766287266193775449209851860527769277273993717939333891491876928924951212323382004007460126129331319031408;
dualObjective   = 364.388993504079304124855753173620337044644504962137487406037512861778198335145004748266555974669621167013213834954476198100120430928569392515103730042178255;
dualityGap      = 1.38364904901787538520672102971666769963935511751569545511098235921908850955207933104808253223079395790670848261771212487721202586081770999649000302277036635e-08;
primalError     = 1.01517673492625968930960982233221741872944753988043823264242412849579067915571978957296297162231371449186583642310035833864082853697745068111228254307047191e-115;
dualError       = 3.72170489000572456807150769603545046479611596796641522330605314804118947867189274292127056162400792841120289925799867458532973826844997539979750958342524672e-70;
Solver runtime  = 50;
