terminateReason = "found primal-dual optimal solution";
primalObjective = 942.109810441840579038070355319750032045946081045176696379446215314432496766089090972664814868319515630034263937573459603323682313969131461534640750380326573;
dualObjective   = 942.109735315380112944338789895651421215438019453188261155137337275831585005947879748148781471274895004411519043631720353494663438167436042350240382931752787;
dualityGap      = 3.98713943050103998255047484368622397667097813824106607071639542110335408300018923162113124851031778573431483960563278417510871744815217222139426787303409551e-08;
primalError     = 2.75164205365947955273357950523401303227204493285909653756090374183743303724560715640925127038728319697331240157293625794876194589661533762773780015511231802e-135;
dualError       = 9.01074860247376985833007326870665750268586767884039042213025587738822385579533355127391531075196454875579479600385062795522935703360661072139542977286134293e-46;
Solver runtime  = 8;
