terminateReason = "found primal-dual optimal solution";
primalObjective = 5.66646491514907528901587045795309874458327233145582856318049562562501296917950402372911392124825312180223221852305385111577614290876824986157569672289551542e-08;
dualObjective   = 4.73672179287568563073784221941954258867050715169221495650788047692516292277338442050744766739028978728663144199143165990410264788810463785773034772313590395e-14;
dualityGap      = 5.66646017842728241333023972011087932504068366094867687096553911774453604401658125034469341380058573151244493189161185968411623880612036175693783899254779228e-08;
primalError     = 5.23910723939537613754223096585554994948916927565844447331756607948664327143870640170376149405152878056286541873477814737555887891687273758313062521522864239e-116;
dualError       = 8.02000089689372130392813792085056390941216365936420397159967215965215496363321794979825224172158615374508576962233612609650495581619800480519799311658091086e-53;
Solver runtime  = 6;
