terminateReason = "found primal-dual optimal solution";
primalObjective = 398.673651013463584634976893829344935224103746424958685125641317108198180377233516527832869360610199385170481952418338793770084048868451273241227139479620861;
dualObjective   = 398.673574066777989577441179756190653109153052219199726574459626824949473993459279834191617843961382520661677885108662294317486234450719650767209995956947235;
dualityGap      = 9.65033591072119856722699099680436505131720215664334123928292750452073685152825642990932327069995586231131497687508723693927545099006279333073622061165617241e-08;
primalError     = 7.61382551194694766982207366749163064047085654910328674481818096371843009366789842179722228716735285868899377317325268753980621402733088010834211907302853934e-116;
dualError       = 1.38652678979672917954254907395804634882163967098438265132923160779628010389993885564210968372469363876431813270665663207106141900885262514916994997839837922e-50;
Solver runtime  = 83;
