terminateReason = "found primal-dual optimal solution";
primalObjective = 266.441659379646834381024145926688167403016874578015834968333007521599944336143346775241124331782119813858707545969216161802263446357904531647008552045577316;
dualObjective   = 266.441607016350666115849914548080525866766576433391275809685691520502242660383506940702294643390923852258817705484240992040958376152679354831893007291126603;
dualityGap      = 9.82641029852733920540168054787858549137896518679405228622398191448946902678032585239425638213815042788993656659446877878668671743039618030966228940877822277e-08;
primalError     = 1.37582102682973977636678975261700651613602246642954826878045187091871651862280357820462563519364159848665620078646812897438097294830766881386890007755615901e-135;
dualError       = 1.87809911080558358689976615862870078111414191256533886741560537405421312918793764870522848394952655992051509085786879605783480975113623723167715602318550615e-45;
Solver runtime  = 4;
