terminateReason = "found primal-dual optimal solution";
primalObjective = 391.26255867056071469899056438917633934256411703821439184770093397737609935246947801343901312811139046345139393188528012872526396783649091182955478922456846;
dualObjective   = 391.262528941953100005264081679395882978059659687279271030925217227439254188395543943029376326790076897399035799193061786184278559549841480885986677578141773;
dualityGap      = 3.79906128062881533020779880996599807614645786118536184602457527933769518131121703488663615838980382268272362006087176981232529804070518457730013068120971368e-08;
primalError     = 7.61382551194694766982207366749163064047085654910328674481818096371843009366789842179722228716735285868899377317325268753980621402733088010834211907302853934e-116;
dualError       = 2.50412117828580647058655109323037950308154642727595629209169518195248971154851011280686210314276497990414180929998988563821556086002034095147995749515591969e-52;
Solver runtime  = 25;
