terminateReason = "found primal-dual optimal solution";
primalObjective = 154.363956094103831355868799627440615367954325708822225130579313861268894922382342189900387793579380157390793450164224083076629178905347941552585863922556935;
dualObjective   = 154.36393525969515368972241774444830144210205137779778763325972025246042873162534659457350337399364017707082484102085632434912072554687001785822428317819996;
dualityGap      = 6.74846985360001974481094969704371262122989628154799719233802689330417893302203463487256854947006642348313371433828685096018266469830681649405648046107654923e-08;
primalError     = 1.37582102682973977636678975261700651613602246642954826878045187091871651862280357820462563519364159848665620078646812897438097294830766881386890007755615901e-135;
dualError       = 5.89611970817157938039395671892433609824775087222528504354211463631597815303700133021937783558019105381471658117208114909031646740016028954600034185137267283e-46;
Solver runtime  = 6;
