terminateReason = "found primal-dual optimal solution";
primalObjective = 267.545348039941726900151400540681823155674576729963302735085615389098277570233325763088968171647934313526221268570536870997194095503631661271503220035003714;
dualObjective   = 267.545296253716181790797865321662102583457047228124584948336382868950900626750413835154767669030522015134810088428509533170333914294966524173021332027670194;
dualityGap      = 9.67802859148646545405636575888703361105011357662941871973724291745680879560864873252530109599145118506088459903166179643461727588093872231507392589578100348e-08;
primalError     = 2.53794183731564922327402455583054354682361884970109558160606032123947669788929947393240742905578428622966459105775089584660207134244362670278070635767617978e-116;
dualError       = 2.61377377320516482113943265762867434919586782406051361777058939766751604182412794877926524868189760557769536383180366428427335326640209498500381460062951101e-50;
Solver runtime  = 65;
