terminateReason = "found primal-dual optimal solution";
primalObjective = 389.929083635912228475019176233249058906493038155834299214291923353775481443727528107712708319510187488309279786611861990134099090813064866382967443390944789;
dualObjective   = 389.929033434970064341870142360435393977881160464773948964031924283314726261007612187162908244996310940974982831648615066971070370105486705909063775089127176;
dualityGap      = 6.43718915854668494337601397732278093474292433706763507490857015434446998803141343720627393335066634291436733933583696795217047051588162641156882772663540178e-08;
primalError     = 1.1488420404704013633211488489760889908443142249041087204038540387138635554632607546807609930140845162621272581860532934686756254256722119784021313936319438e-118;
dualError       = 1.19051124746255680500993609481396689205606178524185459504705922900514066904519256945963850471651261777855002961112019534856404855340449381126288149632850554e-48;
Solver runtime  = 15;
