terminateReason = "found primal-dual optimal solution";
primalObjective = 401.36506908115258788242426325426482140710709650897945534454567359409332161803233422796487692217221297364926000223395249359072812468911204006970755132866642;
dualObjective   = 401.365092956501299203867884606469957857747683107132967203759267350387818704848973278608529759899048356986588912968607521590159641763051542230186626572785237;
dualityGap      = 2.97426829592601205827878670849352501422015936043428739325097462189742615930955637729772516044341477234330019241298558537987706629970933652167323302663523312e-08;
primalError     = 1.26897091865782461163701227791527177341180942485054779080303016061973834894464973696620371452789214311483229552887544792330103567122181335139035317883808989e-115;
dualError       = 3.05092745317015692190476324760273839410892015790968233063955622743070848212932391789532534816687087290864015654596136035746192151867066515992707891585267178e-49;
Solver runtime  = 119;
