terminateReason = "found primal-dual optimal solution";
primalObjective = 267.543071392548220541829091735337304236535126083794111956566241460296896572317382111773575615657806082515165468270885991298133616333205369376832393990513895;
dualObjective   = 267.543029248183028302546967442363934141136262838010354642537109996598215221811254391158592531434183141876411745284614070960794838858776058230223900167184225;
dualityGap      = 7.87618387802899585717483211947761698499846146162391464856577482628178350821328573673827489664514272025866016815975047746330613693624556788978717121131224781e-08;
primalError     = 2.75164205365947955273357950523401303227204493285909653756090374183743303724560715640925127038728319697331240157293625794876194589661533762773780015511231802e-135;
dualError       = 1.77315849155936055511549298730371703980225547665175534332699379559409973387285865778117072398933272586630820609966463726063499746645837642366332061038346803e-47;
Solver runtime  = 14;
