terminateReason = "found primal-dual optimal solution";
primalObjective = 607.68113959956526972800984893827050636146806753728600792527217743808876826504783988192333845425267385712165280735453356627421345252178919414797982150356471;
dualObjective   = 607.681057944953533172683304139693182196452580941303879873408072622626415261746520598133303249199581027245167750256636710234271506608155072490265945959875726;
dualityGap      = 6.71854134524900033888914802889002701375867935523453799432323500715944344389288557638258617824622856452743394321564327375580310578077384121295173805495640779e-08;
primalError     = 2.75164205365947955273357950523401303227204493285909653756090374183743303724560715640925127038728319697331240157293625794876194589661533762773780015511231802e-135;
dualError       = 3.82568116696293651099593213450491440656420149181188986847073913881408782159889989802729207246439604848919949707822473487669948498234154858105186597515326965e-45;
Solver runtime  = 7;
