terminateReason = "found primal-dual optimal solution";
primalObjective = 212.93000489005161569581938663498013093198746874607877602371573901445436003880027747843404434319584241274852512344440711179798309887548087625590130319697894;
dualObjective   = 212.930012395656905109924108915132607599665823796416291828596389815972512687040649583904817495371263074186338931090346266896029976295744880172495211072043791;
dualityGap      = 1.76245831605708387919771358268679669283138962309753666853799546289621377956898208355851176014902719979616190073178748039992029292115163631455139161065716113e-08;
primalError     = 1.01517673492625968930960982233221741872944753988043823264242412849579067915571978957296297162231371449186583642310035833864082853697745068111228254307047191e-115;
dualError       = 4.85779620181921901612623462022060180687180070878483272286214423784912046624784512336899524466488134958173523107185584811795187749583865100274414271439153062e-49;
Solver runtime  = 152;
