terminateReason = "found primal-dual optimal solution";
primalObjective = 1253.30014558554773846928797713814170719834074077678013155539901335126075293232490593981379080773500133471952552751917503963441500952112963604007692809686295;
dualObjective   = 1253.3000491634809174771616486357317261456333042948381844930384559924193219752157937009747041266532787277514602197156340045951351323658598879840983802694351;
dualityGap      = 3.84672701386454287805835171464007646136138436764693733781376451898013328323340996926890251606557053161475877174328086843908948553821618952309324845160912376e-08;
primalError     = 2.53794183731564922327402455583054354682361884970109558160606032123947669788929947393240742905578428622966459105775089584660207134244362670278070635767617978e-116;
dualError       = 1.56302706137416681598717188187775408473046923975189415709784302409417432353835655400993465451957646439008391435342783442545425951571158667803423823692581539e-48;
Solver runtime  = 14;
