terminateReason = "found primal-dual optimal solution";
primalObjective = 365.209778437259522741721518232313367484358555197192147798482954540711270001301344012270915078651723099784471653050843389104975860978489022936939290891953911;
dualObjective   = 365.20970911056937213636717904771871844006879017598273150589429218368532900445125391411444688414812214480146985604217960526161408560557022702258419561882667;
dualityGap      = 9.49135275447668627649222794854737475038096290938541605929196919552585390387812146497009211960237768728923117605343330590633921377830733372288309045121167925e-08;
primalError     = 4.68167635469219832715584941385867656991502333879418331633715545386038327667399964948663509753926463344305379063142001963917533741991493120461226923380752893e-97;
dualError       = 2.87458221107079757971591791139690074278619876719336924816810119922976025221307946991002469394388378537842274740938560566048877857747540992831808427751326173e-72;
Solver runtime  = 45;
