terminateReason = "found primal-dual optimal solution";
primalObjective = 267.543589773320084311799573350028266459405307873134246505681036094574967446906259621553459475294741948892628439024120926859996804670537734115944061126523892;
dualObjective   = 267.543550680853940746157233098280881228576385783537218896972235836512271670931937247570567373879690831442953781845862354530616031146418158441705913759302014;
dualityGap      = 7.30581305138160060090070523784805721320161319437551094933169564926249894295866366326236336066026645311772189823464786146607399077876392360719257420824483199e-08;
primalError     = 2.53794183731564922327402455583054354682361884970109558160606032123947669788929947393240742905578428622966459105775089584660207134244362670278070635767617978e-116;
dualError       = 1.82439742904403974676983246965369318852188792377887065515185676809008203761706105882674799419873726816697215746943346750411238971458579016347937699359266325e-52;
Solver runtime  = 18;
