terminateReason = "found primal-dual optimal solution";
primalObjective = 501.557035597600876243662965110731354740115966214676413190444466278663563598916316274251640795972692225912152479876274198820192684230999388163394735821411649;
dualObjective   = 501.557043731597063464418772343177979454548985672222693212252786926839859069971885838573864880687003267532381744193247753311463998145946829467902756520979495;
dualityGap      = 8.10874491230361216820655108222344638944622756389152321023218895899299200288499140252797703673419323624417736513980213095138816559345078762596394317468685128e-09;
primalError     = 2.03035346985251937861921964466443483745889507976087646528484825699158135831143957914592594324462742898373167284620071667728165707395490136222456508614094382e-115;
dualError       = 6.74924412398891445968573862159982564166673354927589573249127661672011355825440167880884359564998752174243812963936484353429229217047894783490634774359228046e-52;
Solver runtime  = 83;
