terminateReason = "found primal-dual optimal solution";
primalObjective = 530.235565472748948744465701103645365556299494369247467814305373992623159010204118344308176415519113223235047414264007801738736275449940182231037080789814215;
dualObjective   = 530.235499973127892493127640114447584451152017351210218280559008895316515971162670734878244069553539966801299409587047051649809690262374575766076526974001044;
dualityGap      = 6.1764647042691270730181735783264137476537956890731174512662465923873378344733426183701621438407970192272327834793429189509694748303305440097140578568562145e-08;
primalError     = 1.01517673492625968930960982233221741872944753988043823264242412849579067915571978957296297162231371449186583642310035833864082853697745068111228254307047191e-115;
dualError       = 4.37571480217529868870914637706069803817354598650578109220256548338306616062382315534470220063943409660971008106661451394012115870307642554639227128534391388e-51;
Solver runtime  = 100;
