terminateReason = "found primal-dual optimal solution";
primalObjective = 370.302957881028833689707275797115474621850108045294191723342459386929091628997481533329893487616037494751122631438910548007384422159577575372783903169539149;
dualObjective   = 370.302926477776738244718357687176181987256539652777068972068865085812419346478643401213141083854422916720165721710849425528371137686255450492340879797969592;
dualityGap      = 4.24021098922714954111640551014737185805961784727461553822204918095112147533683943508160062814059924470204065120306942043457050805916219012481375846377167497e-08;
primalError     = 2.75164205365947955273357950523401303227204493285909653756090374183743303724560715640925127038728319697331240157293625794876194589661533762773780015511231802e-135;
dualError       = 7.91495403859782551427939430482799968257164239880454176904029180670811345919155559003467959129797438812837357690365025725996976254858975777540098038363510252e-46;
Solver runtime  = 7;
