terminateReason = "found primal-dual optimal solution";
primalObjective = 128.140098191052227736919651107522303904485352543950476169344022142054993387978529225515121505756042108117979752376320537238754844661360942910566552712885949;
dualObjective   = 128.140119376562766718162114860769837940628527919742995022859041089423250457543359447796459331216013365772831539074873902500723675471736914823877506290778617;
dualityGap      = 8.26654149901048093482684739503282202745629692901506420114833507235339509267198997622912292597662347176269196651286234773358354248912970262440785763355173947e-08;
primalError     = 5.50328410731895910546715901046802606454408986571819307512180748367486607449121431281850254077456639394662480314587251589752389179323067525547560031022463604e-135;
dualError       = 2.81187803050967051589115594155720356117150693404426929575258952913797329284025015193583025804590447954355320008295026025066606448399692066519346747863110232e-45;
Solver runtime  = 7;
