terminateReason = "found primal-dual optimal solution";
primalObjective = 2248.56575835104646240085863539089227546387697962718285931389446828004392659216612401240751742639338122553596407547485044013822760783857154777248112169221341;
dualObjective   = 2248.56536994522191690529453748777654774069750163909482595565519156031820119774583941924436512680622848746408125629775602524062588739911876965656251158739478;
dualityGap      = 8.6367467050631131743605018876840113054690937654537340735988204196058796237982903091705240243162929474906709728051444702166043637436585242162485288203944722e-08;
primalError     = 7.61382551194694766982207366749163064047085654910328674481818096371843009366789842179722228716735285868899377317325268753980621402733088010834211907302853934e-116;
dualError       = 6.24618491532238250633044293717162017670846326130388550630209786986370738693115077421280367041885650027910079111314574290815316096220803097325391509665104617e-68;
Solver runtime  = 51;
