terminateReason = "found primal-dual optimal solution";
primalObjective = 154.363757254581271580125415024503117238128156358762298464372747759176605804263373694964035867501936920693117688746891815208047985040048900334698704924103336;
dualObjective   = 154.363739074738267057991001140886356164725483406075465441109157137573411241939710092302077184732691918598191251493630952639175695987728193040338278716626214;
dualityGap      = 5.88863746205802825277435946076865589526821951809280083495011992790861767344425071253702977294297338546684418792104803406705640186351932408416204349840071597e-08;
primalError     = 2.75164205365947955273357950523401303227204493285909653756090374183743303724560715640925127038728319697331240157293625794876194589661533762773780015511231802e-135;
dualError       = 4.96300682036286857796257282987151098931640207765034806833568713496534396957129314306858936991863747009130529125398441209155162123261919605012789197566576773e-46;
Solver runtime  = 5;
