terminateReason = "found primal-dual optimal solution";
primalObjective = 267.536561474757422911595466201851172013665869955721712773097056716157858769366639547087584114653945591609064213107752579971716139964198780619796925324145316;
dualObjective   = 267.536537229055428532144833140515729059492314621914221273892530464059341151353390291564809373282470735546539010126150467414792489510428065933418957786588618;
dualityGap      = 4.53128779097910559208290108303300820943410619550373209620921659956051406522369148921627912077019406687928844702169924481024129076074301740568513548564608624e-08;
primalError     = 6.20442631582179618863774509748763842374136273333746759923470204112794220440218005750189857786163278116505193765792445745558360786395748922808283580354358292e-117;
dualError       = 1.85666255477504470906218832326277677207171757578950975846056384709969273771646584023314882461604582613978155157012087871314018827589776149971273763397937994e-48;
Solver runtime  = 9;
