terminateReason = "found primal-dual optimal solution";
primalObjective = 189.273923271407890845038974855514241233240391288452422158917706336101684413382929213668483717813454342023024758367428438527607611305979028499783844600915079;
dualObjective   = 189.27392823579990974147810954026495596052333735826359342766504088929859026160219805171468842465508217132726964876380357284085802854705130190113343475685359;
dualityGap      = 1.31143050981017490696467179335390902078300372517628465331085380853378216192010182110267060969126128844916825672493769351513231859148941527132155336683429397e-08;
primalError     = 1.01517673492625968930960982233221741872944753988043823264242412849579067915571978957296297162231371449186583642310035833864082853697745068111228254307047191e-115;
dualError       = 5.85911942819767875917195642764524958521417831657603180407839313142171493975455060528457019301282652472855215708368630733016290571905510220550128218424381886e-50;
Solver runtime  = 35;
