terminateReason = "found primal-dual optimal solution";
primalObjective = 160.754296128368615621249799177607007613947355290723402518970977444795625977354513160607140459722805507139392417332962566384567203580875247089184389846655269;
dualObjective   = 160.754273822511037208330471795310363311556559767445631426760889984802955198908420785716487001067775440561168762350666767248242585209459687668871357553433094;
dualityGap      = 6.93787340779775383018150447613396183815418013721455495728445885923330592483814529311456126029362784526140755807222971170613994935420332964614253235819245203e-08;
primalError     = 1.37582102682973977636678975261700651613602246642954826878045187091871651862280357820462563519364159848665620078646812897438097294830766881386890007755615901e-135;
dualError       = 3.80881649346194798387031096653924821809823233010849399127710160187992313967365364674145718645302512547947964174958574929785455422912755675922860646189431808e-46;
Solver runtime  = 6;
