terminateReason = "found primal-dual optimal solution";
primalObjective = 6.37301813557787814440219200680446687342912704722058655504140612142851119130613755844335881795322874690368495899652281787460201067862940690313183436538661321e-08;
dualObjective   = 4.82380150858449463413826166361873987976135673712907019196267722671482058009063158007716204542244086360282392475310730714086795453440874748615461578072232495e-14;
dualityGap      = 6.37301331177636955990755786854280325468924728586384942597121415875128447648555746781177874079118332446282135617259806476729486981067487249438434821077083249e-08;
primalError     = 5.07588367463129844654804911166108709364723769940219116321212064247895339577859894786481485811156857245932918211550179169320414268488725340556141271535235956e-116;
dualError       = 2.50924933312008886347329636482817450231626544193428435341340452716814444876366455453662266304341982783381704074070790987978130233185229967083704871988825115e-52;
Solver runtime  = 4;
