terminateReason = "found primal-dual optimal solution";
primalObjective = 1779.52322643283156474536872254917682435259306115133525279601345433883473414510653511868468778240324684339750291125056439342357034553029567580240798161712763;
dualObjective   = 1779.52337383618759493577425287036989892327115297714413303045627338712707081561607174836881839336317841386663344321106256648676916536183010297120958149977604;
dualityGap      = 4.14165288026991739177871980425861686195415266491399807864051617221807695605476488564484594536671450106274923695072278840320752983396017078787441484603328611e-08;
primalError     = 1.01517673492625968930960982233221741872944753988043823264242412849579067915571978957296297162231371449186583642310035833864082853697745068111228254307047191e-115;
dualError       = 3.47790773007237028685292983800146007276712319474793090212722100235561773821455143351468344881934874078006000392921329721628139366001826497434851171419772897e-49;
Solver runtime  = 58;
