terminateReason = "found primal-dual optimal solution";
primalObjective = 364.400184668164343354739786378679638721888600259444420363428178906413396665429961787813810587119944547738447682277657309122071952583398483013970105578456982;
dualObjective   = 364.400163459432795104921400914651363285109956214949009021015833424449663852532436559702103268421831604576313187406164226289581338146955589471408144249062822;
dualityGap      = 2.91008801007551513380314333049043966985819997183329071328360129838729544906458695700099177664015057876489405461430122129199168370165742953989260154014554723e-08;
primalError     = 1.01517673492625968930960982233221741872944753988043823264242412849579067915571978957296297162231371449186583642310035833864082853697745068111228254307047191e-115;
dualError       = 3.96672062994767588196299927346911547659771125443018280431998892395447415347997153808244889268291700713670103460512803691635127152589815449647071784139455858e-70;
Solver runtime  = 52;
