terminateReason = "found primal-dual optimal solution";
primalObjective = 609.213180270921567406961236097216078172274717395766181558609265064204587754293768948898231533835279196839875478096081132666891550811257255037686196334149172;
dualObjective   = 609.213151218594412370632997816437867477093401314530646529048583253657689419060079438892439243454742878941562858880889521991138641025161783463552413904159684;
dualityGap      = 2.38441392837596522976305803389892435599045837140336871456655936130627637235089523566684748972243972008881941020225610066728728806635160146226870453302651986e-08;
primalError     = 1.26897091865782461163701227791527177341180942485054779080303016061973834894464973696620371452789214311483229552887544792330103567122181335139035317883808989e-115;
dualError       = 2.87092057950393395938341467647065085466304150897141282548546933124302717554428807511557036460221419014601985293071827140826013629872120229972285012120771872e-48;
Solver runtime  = 163;
