terminateReason = "found primal-dual optimal solution";
primalObjective = 203.16472285321014810019128390568807665172872016010079637516219736876713493793067371331007707939148318062293665167926643070313586232805782195482649304536783;
dualObjective   = 203.164698240889641106880614154441129327819290603499588601363873884706640491128909338217465803577458372264291102014131529138851307154118562638715445356825262;
dualityGap      = 6.05723317812457075741881954335929386390373423700248270373986273284884152620732465314101247435681052601542038279054708941506264876235111815620808502574191322e-08;
primalError     = 1.01517673492625968930960982233221741872944753988043823264242412849579067915571978957296297162231371449186583642310035833864082853697745068111228254307047191e-115;
dualError       = 9.2498180136335496419194762212693863115550755977228561597405078248634196987681763938628326297028279591948632987213856024527986086769637166996536644788519273e-50;
Solver runtime  = 74;
