terminateReason = "found primal-dual optimal solution";
primalObjective = 3686.17860539711782810690498509294641938556004439868125605809777471082771803253716372601270468947747363601023112913189341032823400301837625758293857295778046;
dualObjective   = 3686.17813160637529316377952234000739830371660241653913356989711351426908593353590965206782275332726878905947809854650198991110212965715453814626023951846489;
dualityGap      = 6.42658459752608465057783897381550667808659642450552379419644539707837780787441317923464478242362000520048028686844557067532134263757732395750165495405922378e-08;
primalError     = 1.52276510238938953396441473349832612809417130982065734896363619274368601873357968435944445743347057173779875463465053750796124280546617602166842381460570787e-115;
dualError       = 2.10011230017057997804506114444159871955719975851272664858133358308980967283158584591129091771492361043893242690206499645874713015099066018861310665926455409e-53;
Solver runtime  = 125;
