terminateReason = "found primal-dual optimal solution";
primalObjective = 354.159288614202182650098680197285730418593506820361084790977802062460535639937274280127780757337003351214882592496018102372771307605864648208842314342511367;
dualObjective   = 354.159237574727974770722169202868688490292505879473796106146790409847525634887481586586788913149328362951597400862036243158558374402397667180571722893835429;
dualityGap      = 7.20572345925985166680586885894628687765593063861228246358045321787378099618557732049212404988835088811090430712356015546925620454073573836135946896267742374e-08;
primalError     = 1.37582102682973977636678975261700651613602246642954826878045187091871651862280357820462563519364159848665620078646812897438097294830766881386890007755615901e-135;
dualError       = 2.83327738025584546883391792803011420471711407192749313815606467134336462426355860841070295020401127161354860860382704930366570389484137543276291322663582086e-45;
Solver runtime  = 5;
