terminateReason = "found primal-dual optimal solution";
primalObjective = 298.929840586888637965516193599955158920429363745781921115007678315748802211182458452914186159902831780935818989943680217160510512908942494550269361871203877;
dualObjective   = 298.929805918747143398021356932308091494170950443080153183526570434614048643434341299348063633328741944913793601984843984161402592941842418766943948999378939;
dualityGap      = 5.79870906109745145210708808456068084723409892023096544935564328084356075698552136139806129052830347371741594603076778568272801583109821118317730894585556196e-08;
primalError     = 2.53794183731564922327402455583054354682361884970109558160606032123947669788929947393240742905578428622966459105775089584660207134244362670278070635767617978e-116;
dualError       = 1.71542311884334049762649322751725864195701310129299922967684208515567417412835878200895764903253061361349825524188477141078785891942212213319578511070347372e-48;
Solver runtime  = 13;
