terminateReason = "found primal-dual optimal solution";
primalObjective = 179.715109805117354720020402605361543092163181422061151853346981029093455583158489459646511472516275828663709665608989315109201606611305527145986396252756675;
dualObjective   = 179.715098200067506909973452894687306873611753037707706823380052003764878983842392870801422245416079272079548870466718530993761804377688184759026599933487882;
dualityGap      = 3.22873525634290635200880698741455331836945929986670239043338772439009548720113392725188155372091837591735533658000096764448997587143104980633267431034072472e-08;
primalError     = 7.61382551194694766982207366749163064047085654910328674481818096371843009366789842179722228716735285868899377317325268753980621402733088010834211907302853934e-116;
dualError       = 5.85659220678083745326666693128719798030514319459353653038847846228646801719139511794333825991686080464325645689513716606300574699414277500348032315284458317e-52;
Solver runtime  = 22;
