terminateReason = "found primal-dual optimal solution";
primalObjective = 224.928903435433069433312845926087806503022503221026067751068359311048244636565368361907879599124862705019703935092620972379401260929821044811268005293730157;
dualObjective   = 224.928865205814876894386834504274618627020600067183255230789503042409751807077315279662694494718765350749454764707741268371571800056851259066291408788651914;
dualityGap      = 8.49815671917988766928914364155833175165648905039792062020656615796521141989228463786994293197994861070684692406668411665665733290516243637923514545521863279e-08;
primalError     = 2.75164205365947955273357950523401303227204493285909653756090374183743303724560715640925127038728319697331240157293625794876194589661533762773780015511231802e-135;
dualError       = 4.01778780178522024490943444003073356314411121568717407641558605022961016070585019109422824014607230378964127787029956654599653977553046016127861400100176095e-74;
Solver runtime  = 23;
