terminateReason = "found primal-dual optimal solution";
primalObjective = 267.073902094378988628043881910888974903585221483627248089663789236355770976859846526566274664046578351080702782279449393828957621097864286595496387874137637;
dualObjective   = 267.073856698031425005226102964093432558614306178571655295769813224737671283397811714440148361815380742930326304779001503398341608382616858477800606275886644;
dualityGap      = 8.49883703832323266056882247826297874379318762662493408815411959693807512772623913044072237162124684174317400811644430336136903203172901921797904873345419231e-08;
primalError     = 2.75164205365947955273357950523401303227204493285909653756090374183743303724560715640925127038728319697331240157293625794876194589661533762773780015511231802e-135;
dualError       = 7.10057693338277516258768645064929110469646251522809667739075605169115276490874323947928419690216109703434090500214573283845417263537622199783659534232917962e-45;
Solver runtime  = 0;
