terminateReason = "found primal-dual optimal solution";
primalObjective = 0.160918839717782764912334906266191643005320327166643660785406359678157010335810155812924076599512544441342542257397300478117051302082398481100770347129071096;
dualObjective   = 0.160918792196255100992288563716392101437350446164821551489606189040897477648288740947687020888217612376799918930775758089088289384533319157717954302029064798;
dualityGap      = 4.75215276639200463425497995415679698810018221092958001706372595326875214148652370557112949320645426233266215423890287619175490793233828160451000062983988616e-08;
primalError     = 1.37582102682973977636678975261700651613602246642954826878045187091871651862280357820462563519364159848665620078646812897438097294830766881386890007755615901e-135;
dualError       = 4.04395818782334466743788431981851688004269014003292694921844234270872623112175924174546329859928793501902415870995456698242355375420439110221120635423742571e-49;
Solver runtime  = 4;
