terminateReason = "found primal-dual optimal solution";
primalObjective = 609.178834716536449463086074590826835649587214245595309129392033439718587614745111009119100442554668391379290587771782230066991911114354962588605946784273357;
dualObjective   = 609.178929435695114842204155693812659953368424184549429288936564618636358379218217084146857540849320019413689571714353263061222499639676874819519906620034575;
dualityGap      = 7.77433045139146281343738626865169268339756147013457876161210495326887937891988204421543295462979811457529448108212520219796684561956221259937719889720931039e-08;
primalError     = 1.26897091865782461163701227791527177341180942485054779080303016061973834894464973696620371452789214311483229552887544792330103567122181335139035317883808989e-115;
dualError       = 1.69921404168610696273577540610412506264786016260022218045806883481875689558549817360825220848383496355832914191940686397527569699949209625537557311757910366e-50;
Solver runtime  = 206;
