terminateReason = "found primal-dual optimal solution";
primalObjective = 4.70134249166383755103857882699731824938266881733216910706971464600992922527072901295735454286318035675494994776661836879340407877964126952755949357004204896e-08;
dualObjective   = 4.45724559745008789369903163788090056875177203293322169611706909886085701793114996952071789631500271870453832381203276967411219226163393333329607613007263391e-14;
dualityGap      = 4.70133803441824010095068512796568036848210006556013617384801852894083036441371108180738502214528404175223124322829455676063440466744900789362616027396591889e-08;
primalError     = 5.07588367463129844654804911166108709364723769940219116321212064247895339577859894786481485811156857245932918211550179169320414268488725340556141271535235956e-116;
dualError       = 1.44942399450384422044855262405013965761115244293203647530893106055200501507398347340183111410515082766523207073390566336441576606362311416222081786213315524e-52;
Solver runtime  = 4;
